Air_HEU_(25 25 25)
Time (ms),NW,NE,Central,SW,SW
20.0,1.40319e-11,1.89949e-11,2.3455e-11,2.55516e-11,2.55516e-11
40.0,1.00246e-11,1.31106e-11,2.00661e-11,1.90624e-11,1.90624e-11
60.0,9.03432e-12,1.2879e-11,1.73256e-11,1.94011e-11,1.94011e-11
80.0,9.30177e-12,1.21632e-11,1.52183e-11,1.72723e-11,1.72723e-11
100.0,1.04118e-11,1.25505e-11,1.62366e-11,1.99185e-11,1.99185e-11

Air_HEU_(50 50 50)
Time (ms),NW,NE,Central,SW,SW
20.0,1.22119e-11,1.23223e-11,2.04502e-11,1.43554e-11,1.43554e-11
40.0,8.3507e-12,8.27302e-12,1.46858e-11,8.14039e-12,8.14039e-12
60.0,8.82343e-12,8.07225e-12,1.54635e-11,6.87408e-12,6.87408e-12
80.0,7.86101e-12,6.8596e-12,1.27685e-11,7.67659e-12,7.67659e-12
100.0,7.49385e-12,7.76972e-12,1.46339e-11,8.56074e-12,8.56074e-12

Air_HEU_(75 75 75)
Time (ms),NW,NE,Central,SW,SW
20.0,2.29167e-11,8.8716e-12,1.47826e-11,7.22425e-12,7.22425e-12
40.0,1.82256e-11,3.64763e-12,9.52715e-12,1.96551e-12,1.96551e-12
60.0,1.75484e-11,3.47384e-12,9.4847e-12,1.8257e-12,1.8257e-12
80.0,1.82762e-11,3.56935e-12,6.77238e-12,2.97727e-12,2.97727e-12
100.0,1.57393e-11,3.4884e-12,8.15887e-12,1.79406e-12,1.79406e-12

Air_Empty_(25 25 25)
Time (ms),NW,NE,Central,SW,SW
20.0,4.02736e-12,4.88203e-12,5.07867e-12,5.53573e-12,5.53573e-12
40.0,0.0,0.0,0.0,0.0,0.0
60.0,0.0,0.0,0.0,0.0,0.0
80.0,0.0,0.0,0.0,0.0,0.0
100.0,0.0,0.0,0.0,0.0,0.0

Air_Empty_(50 50 50)
Time (ms),NW,NE,Central,SW,SW
20.0,4.12174e-12,4.70858e-12,5.12646e-12,5.44255e-12,5.44255e-12
40.0,0.0,0.0,0.0,0.0,0.0
60.0,0.0,0.0,0.0,0.0,0.0
80.0,0.0,0.0,0.0,0.0,0.0
100.0,0.0,0.0,0.0,0.0,0.0

Air_Empty_(75 75 75)
Time (ms),NW,NE,Central,SW,SW
20.0,4.0994e-12,4.67852e-12,5.24734e-12,5.44854e-12,5.44854e-12
40.0,0.0,0.0,0.0,0.0,0.0
60.0,0.0,0.0,0.0,0.0,0.0
80.0,0.0,0.0,0.0,0.0,0.0
100.0,0.0,0.0,0.0,0.0,0.0

Steel_HEU_(25 25 25)
Time (ms),NW,NE,Central,SW,SW
20.0,6.65461e-12,1.07149e-11,2.85539e-11,1.75497e-11,1.75497e-11
40.0,3.12224e-12,5.75077e-12,1.53029e-11,1.22749e-11,1.22749e-11
60.0,3.44639e-12,6.07845e-12,1.56234e-11,1.30489e-11,1.30489e-11
80.0,3.20677e-12,5.63857e-12,1.47815e-11,1.17657e-11,1.17657e-11
100.0,3.29461e-12,5.30888e-12,1.40078e-11,1.05508e-11,1.05508e-11

Steel_HEU_(50 50 50)
Time (ms),NW,NE,Central,SW,SW
20.0,1.21647e-11,1.29605e-11,4.05381e-11,1.39675e-11,1.39675e-11
40.0,8.76994e-12,8.36785e-12,2.76556e-11,8.48523e-12,8.48523e-12
60.0,8.36953e-12,8.18955e-12,2.73666e-11,8.71204e-12,8.71204e-12
80.0,7.68576e-12,7.72447e-12,2.4664e-11,7.59369e-12,7.59369e-12
100.0,7.81567e-12,7.67876e-12,2.46248e-11,7.74032e-12,7.74032e-12

Steel_HEU_(75 75 75)
Time (ms),NW,NE,Central,SW,SW
20.0,1.69069e-11,6.1595e-12,1.82716e-11,5.42835e-12,5.42835e-12
40.0,1.29409e-11,1.65074e-12,6.75689e-12,6.09293e-13,6.09293e-13
60.0,1.15878e-11,1.64225e-12,6.57515e-12,5.66692e-13,5.66692e-13
80.0,1.24533e-11,1.69433e-12,6.44003e-12,6.03532e-13,6.03532e-13
100.0,1.15729e-11,1.56935e-12,6.20627e-12,5.19241e-13,5.19241e-13

Steel_Empty_(25 25 25)
Time (ms),NW,NE,Central,SW,SW
20.0,2.95923e-12,4.30667e-12,1.10863e-11,5.11286e-12,5.11286e-12
40.0,0.0,0.0,0.0,0.0,0.0
60.0,0.0,0.0,0.0,0.0,0.0
80.0,0.0,0.0,0.0,0.0,0.0
100.0,0.0,0.0,0.0,0.0,0.0

Steel_Empty_(50 50 50)
Time (ms),NW,NE,Central,SW,SW
20.0,3.14374e-12,4.26832e-12,1.10173e-11,4.87428e-12,4.87428e-12
40.0,0.0,0.0,0.0,0.0,0.0
60.0,0.0,0.0,0.0,0.0,0.0
80.0,0.0,0.0,0.0,0.0,0.0
100.0,0.0,0.0,0.0,0.0,0.0

Steel_Empty_(75 75 75)
Time (ms),NW,NE,Central,SW,SW
20.0,2.91285e-12,4.34893e-12,1.14147e-11,4.7674e-12,4.7674e-12
40.0,0.0,0.0,0.0,0.0,0.0
60.0,0.0,0.0,0.0,0.0,0.0
80.0,0.0,0.0,0.0,0.0,0.0
100.0,0.0,0.0,0.0,0.0,0.0

20kg_HEU_Air_(50 50 50)
Time (ms),NW,NE,Central,SW,SW
20.0,4.36638e-11,4.91451e-11,8.01947e-11,4.78758e-11,4.78758e-11
40.0,4.13031e-11,4.0501e-11,6.99166e-11,4.04463e-11,4.04463e-11
60.0,4.00058e-11,3.89025e-11,6.56502e-11,3.85399e-11,3.85399e-11
80.0,3.90559e-11,3.90582e-11,6.61761e-11,3.83405e-11,3.83405e-11
100.0,3.64269e-11,3.65931e-11,6.67118e-11,3.77335e-11,3.77335e-11

30kg_HEU_Air_(50 50 50)
Time (ms),NW,NE,Central,SW,SW
20.0,1.80307e-10,1.81749e-10,3.1779e-10,1.80654e-10,1.80654e-10
40.0,1.64665e-10,1.69339e-10,2.89406e-10,1.7338e-10,1.7338e-10
60.0,1.6106e-10,1.60319e-10,2.78916e-10,1.60905e-10,1.60905e-10
80.0,1.62965e-10,1.65667e-10,2.82242e-10,1.65762e-10,1.65762e-10
100.0,1.56016e-10,1.56022e-10,2.72661e-10,1.61861e-10,1.61861e-10

40kg_HEU_Air_(50 50 50)
Time (ms),NW,NE,Central,SW,SW
20.0,1.20484e-09,1.22578e-09,2.14348e-09,1.21463e-09,1.21463e-09
40.0,1.18942e-09,1.18497e-09,2.06761e-09,1.19434e-09,1.19434e-09
60.0,1.13335e-09,1.13379e-09,1.96826e-09,1.14992e-09,1.14992e-09
80.0,1.09465e-09,1.10859e-09,1.90097e-09,1.10008e-09,1.10008e-09
100.0,1.10276e-09,1.1113e-09,1.92352e-09,1.10206e-09,1.10206e-09

